101907 0 8880 0 85 110 
101909 0 8880 1 85 198
101911 0 8880 2 85 129
101913 0 8880 3 85 176
101915 0 8880 4 85 149
101917 0 8880 5 110 110
101919 0 8880 6 110 129
101921 0 8880 7 110 149
101923 0 8880 8 110 170
101925 0 8880 9 110 189
101927 0 8880 10 135 110
101929 0 8880 11 135 129
101931 0 8880 12 135 149
101933 0 8880 13 135 170
101935 0 8880 14 135 189
101937 0 8880 15 155 110
101939 0 8880 16 155 129
101941 0 8880 17 155 149
101943 0 8880 18 155 170
101945 0 8880 19 155 189
101949 0 8880 20 175 110
101951 0 8880 21 175 129
101953 0 8880 22 175 170
101955 0 8880 23 175 189
101957 0 8880 24 175 149
101959 0 8880 25 195 129
101961 0 8880 26 195 149
101963 0 8880 27 195 170
101965 0 8880 28 195 110
101967 0 8880 29 195 189
101106 0 8880 54 215 129
101107 0 8880 55 215 149
101108 0 8880 56 215 170
101109 0 8880 57 215 110
101110 0 8880 58 215 189
101111 0 8880 49 132 129
101112 0 8880 50 135 149
101113 0 8880 51 135 170
101114 0 8880 52 135 110
101115 0 8880 53 135 189
101116 0 8880 68 135 129
101969 1 8881 30 60 68 10000
101971 1 8881 31 60 84 10000
101973 1 8881 32 60 100 10000
101975 1 8881 33 60 116 5000
101977 1 8881 34 76 68 5000
101979 1 8881 35 76 84 5000
101981 1 8881 36 76 100 1000
101983 1 8881 37 76 116 1000
101985 1 8881 38 92 68 1000
101987 1 8881 39 92 84 500
101989 1 8881 40 92 100 500
101991 1 8881 41 92 116 500
101993 1 8881 42 108 68 300
101995 1 8881 43 108 84 300
101997 1 8881 44 108 100 300
101999 1 8881 45 108 116 200
101101 1 8881 46 124 68 200
101103 1 8881 47 124 84 100
101105 1 8881 48 124 100 100